0.0 13.148251 12.100564 0.0 7.1902537 5.9135647 9.005372 3.9659224 15.006169 
13.148251 0.0 14.124838 5.0090857 5.559388 4.4726696 6.373974 5.6375546 7.453298 
12.100564 14.124838 0.0 15.839844 14.460227 7.2066054 4.8792443 5.475872 2.8439095 
0.0 5.0090857 15.839844 0.0 14.17586 8.597897 7.9088316 3.0196877 1.9626696 
7.1902537 5.559388 14.460227 14.17586 0.0 9.704823 3.402364 2.8011615 6.832686 
5.9135647 4.4726696 7.2066054 8.597897 9.704823 0.0 3.7787685 13.350163 6.0589795 
9.005372 6.373974 4.8792443 7.9088316 3.402364 3.7787685 0.0 11.746331 7.707355 
3.9659224 5.6375546 5.475872 3.0196877 2.8011615 13.350163 11.746331 0.0 7.5628166 
15.006169 7.453298 2.8439095 1.9626696 6.832686 6.0589795 7.707355 7.5628166 0.0
