0.0 13.148251 12.100564 0.0 7.1902537 5.9135647 9.005372 3.9659224 15.006169 2.583075 10.14985 6.3311715 5.622022 3.5820222 4.461555 3.3540347 9.455594 15.71356 12.793464 17.664127 4.8119574 2.8696058 0.0 6.9976263 3.6164994 14.622149 0.0 0.0 5.7388663 5.6440215 5.7233944 7.3552885 7.747329 2.9871788 3.0956566 4.435449 10.410714 5.540482 2.0418675 3.5216432 0.0 9.595938 4.108412 7.107638 3.1125407 5.2157826 7.030251 7.419513 0.0 18.166683 0.0 7.209231 11.286097 3.800948 4.491236 10.401807 4.020881 8.126565 4.836752 0.0 7.355073 4.243485 8.520285 4.2654195 3.9895384 7.253762 7.330972 4.7158694 5.5743413 12.112939 4.6342397 12.118672 2.7232416 4.607477 3.559815 6.3318963 13.284367 2.6949005 5.4402714 7.3682117 11.175344 7.1626463 9.540586 10.481425 9.764908 0.0 18.022152 0.0 16.124786 6.073917 5.8686285 7.8631296 2.049752 16.64026 7.398174 3.7367718 11.368188 10.069283 11.226706 0.0 6.4267035 12.412932 3.929219 10.59201 15.916765 8.80765 5.2843747 10.284545 0.0 9.606953 14.149649 14.468338 5.537341 9.94803 7.639751 5.81609 8.221001 14.187611 3.436404 9.254862 16.582993 2.791088 3.7924495 8.522203 15.336808 3.5507567 6.2800264 12.976169 4.2212677 11.744126 6.9483423 2.8623755 0.0 8.48452 7.791906 6.711687 3.8691282 2.5280755 13.356139 13.965431 1.8823397 8.030556 2.5482152 2.4876678 2.1081018 14.590049 15.566294 3.3146029 4.5123363 5.3012967 6.026986 2.2392375 7.523578 12.760968 5.6497183 5.9987173 16.77414 3.558359 12.070541 7.3343205 11.012175 5.6475368 4.3048735 6.9242883 8.944594 6.011757 2.70926 8.255949 4.790394 10.931406 0.0 9.836783 8.53637 10.201597 11.930884 4.6003494 4.097742 3.7619107 13.844661 5.303036 5.3882194 0.0 5.2725 0.0 11.505388 5.6401057 3.80471 12.8086405 7.4655447 12.696928 18.670181 0.0 5.9512224 4.7074265 6.6257234 12.550044 6.0533175 9.09926 5.9803896 3.840984 6.6083755 1.6869326 7.2947836 3.5179613 11.911692 11.37462 4.6285276 7.842723 13.835358 8.571154 5.3011937 0.0 9.77753 5.925776 5.254703 12.730304 6.968035 6.8029814 7.038674 5.5462093 2.1152167 4.3474293 0.0 2.0897152 4.3990407 
13.148251 0.0 14.124838 5.0090857 5.559388 4.4726696 6.373974 5.6375546 7.453298 2.204778 8.251883 4.8664308 7.5599914 5.649863 5.7050924 10.124747 7.872965 5.1514997 9.272101 15.825699 4.393752 2.233052 7.7286224 4.8202643 11.221141 0.0 10.071576 0.0 5.4236016 6.583468 4.525174 5.2197304 5.2593775 3.7510357 0.0 0.0 8.388521 5.380325 4.5006137 5.465408 7.7754726 7.8469496 3.5582495 2.4486938 5.385951 4.1667113 5.655097 13.018172 3.9822319 15.389846 3.3581173 5.6772304 0.0 2.8444927 13.489416 9.410661 12.951465 10.77762 16.03805 7.9902263 10.560566 5.023388 4.2364516 3.6585264 5.247424 6.2859335 10.424166 3.445646 7.382233 11.521223 6.9232764 5.078188 5.0017405 7.805224 6.133262 8.230449 12.516294 5.1052475 4.273012 0.0 8.627007 7.3002925 6.7342167 6.282875 12.482775 3.9143429 5.795805 5.3758826 15.411817 5.818008 6.4361176 7.826573 1.6734054 14.992905 11.481509 8.462283 9.494331 2.2252126 8.15139 2.6214368 16.190193 7.645191 14.533283 7.5559516 14.637125 6.778587 4.205477 9.45776 8.973683 8.041609 6.043147 13.48482 6.8692966 12.064538 10.013818 4.4111257 12.240033 10.833827 2.0845373 2.0939724 14.230614 4.452357 6.8610144 5.8235507 14.091311 2.8316655 8.206155 12.74808 3.4020042 9.065236 10.099822 9.398401 4.9039993 2.6786945 6.3512096 6.702149 13.669512 4.1226497 4.869463 13.402683 6.1719565 0.0 4.0233707 3.4811502 3.9277716 13.566419 13.804565 9.839368 16.462217 6.3818464 8.853976 4.666982 11.4633255 9.630976 9.302221 7.9194427 6.3839607 0.0 4.4884977 6.5103793 4.224237 4.814025 7.3543515 0.0 7.888084 8.8355465 7.7457156 7.423845 7.395782 9.002837 0.0 13.565984 8.356804 8.432311 4.0469956 4.3523974 11.78631 6.1064796 13.623872 4.235985 8.11493 14.342326 5.0745754 0.0 9.249771 5.235823 7.3504195 4.942788 6.451894 11.997548 15.838156 8.8914 0.0 2.8986568 9.554988 4.4580917 10.967334 3.0729282 5.9608684 4.8316803 6.3389993 2.7435253 10.112831 6.415853 15.061159 13.547149 5.061988 2.5273268 5.549327 7.263901 6.7631083 8.423283 8.200939 4.2259755 3.8206637 3.9209542 10.249343 5.0238876 5.54118 0.0 3.3150625 4.3149576 14.316409 2.823194 3.7656128 
12.100564 14.124838 0.0 15.839844 14.460227 7.2066054 4.8792443 5.475872 2.8439095 3.53047 0.0 4.238368 10.465432 4.359103 5.2799287 12.434416 6.1238327 17.368916 0.0 18.70768 5.1498847 5.7714615 0.0 7.047119 9.2447405 4.6604033 4.862481 6.198213 3.31966 6.239504 6.2945113 4.9297934 4.62783 3.3135765 3.757607 0.0 3.3953257 3.9318686 8.052287 0.0 8.998109 11.017409 16.686934 0.0 4.273689 6.832669 1.7818029 13.790257 14.410362 9.12026 2.1843426 6.440056 13.932682 2.8331091 13.015994 11.706423 5.85157 8.886556 6.5327597 7.5334306 8.600704 4.887654 0.0 8.933542 8.554388 8.708861 9.970073 7.967214 6.7246246 8.70431 5.8880763 2.8021483 4.4011016 6.4073787 4.8355093 6.8970647 16.526815 3.9629762 8.401002 9.32575 0.0 8.388706 5.1223063 5.9933314 15.471859 8.062663 9.062852 4.3542843 11.988614 0.0 6.2118006 7.10922 3.2109332 10.185041 9.496727 7.5060916 3.3765762 3.1695652 6.851672 1.8192589 0.0 7.160807 5.8119416 6.938612 17.455103 12.662695 0.0 11.92611 7.362108 2.6600215 1.8709103 4.176097 5.1606755 15.724178 9.397477 1.6657113 0.0 11.341453 0.0 3.3786194 5.0757713 4.2950954 9.430374 4.7599263 11.8766775 6.5270305 7.4070196 10.045521 5.844096 8.779118 7.3915324 13.741527 8.404963 12.805837 8.039789 8.489832 10.128773 3.0091457 4.148053 4.925681 4.4828777 2.5276616 3.0817451 2.6080477 6.9279885 10.099913 5.546559 4.4433293 7.0793824 6.1541357 3.0068698 3.5592778 3.26283 8.878002 0.0 6.7106123 4.376229 6.1167235 4.166039 4.960448 3.711336 7.7165627 0.0 3.5398967 9.812443 8.191781 3.970763 0.0 6.5789533 7.239382 3.8572688 12.946139 3.1795244 12.256348 12.651319 3.5591037 10.887654 5.297579 4.9895415 2.5615087 7.4220777 13.00303 5.603593 5.305085 3.0246015 2.434644 5.2572327 4.06136 9.536292 3.8339732 0.0 10.062751 2.290858 4.862392 8.701531 15.091727 9.000996 2.453489 0.0 0.0 5.1331916 12.693444 9.053202 4.0002775 13.564965 12.768449 4.810808 8.347907 4.181904 11.8539295 5.3603215 5.546781 9.181867 3.8509214 0.0 16.308073 9.636288 2.9792156 7.44604 12.466978 0.0 9.3438635 5.4677134 2.4761775 2.8439329 
0.0 5.0090857 15.839844 0.0 14.17586 8.597897 7.9088316 3.0196877 1.9626696 1.943047 4.357825 6.2816567 3.6605759 3.1796415 7.8113575 4.3976774 5.568177 13.771064 5.7424893 14.0703125 4.8016696 5.5062075 0.0 6.108029 8.266625 4.1618037 14.964437 4.066519 2.703176 8.445699 8.500656 7.0849204 2.8200939 1.8376428 2.9663966 9.778202 3.867237 7.932288 6.5031223 0.0 8.832081 10.976678 3.188196 0.0 3.2820792 5.9717627 5.466759 0.0 5.1439533 8.981463 12.703486 0.0 0.0 4.1856623 4.7179184 12.04043 3.5915527 9.290208 5.699911 2.9594653 12.697175 7.9760833 5.524945 11.52139 3.0951488 8.337597 13.137809 7.0387406 8.784536 7.826999 6.7020965 2.2634127 5.8842764 0.0 6.43991 9.37066 15.435022 2.6071913 7.0634646 7.6056404 0.0 8.071077 8.72512 9.027465 13.83205 7.384647 7.8784432 4.680529 8.717452 0.0 3.285565 8.5348 2.9862654 3.301687 12.564603 18.158115 3.1726038 10.488764 9.134521 5.467704 5.593205 2.7357209 4.300533 12.660583 17.51202 10.641929 7.856909 10.523671 9.695888 10.872228 5.5279145 14.7259035 0.0 13.59348 3.1420653 20.886469 12.723547 15.39058 3.042481 11.001152 12.654904 5.413064 0.0 7.3638954 0.0 0.0 3.1858046 8.225471 4.6086264 11.603863 6.203174 0.0 7.2958784 0.0 11.335028 7.8171387 0.0 4.432423 7.5604625 4.6507163 3.716399 4.210705 4.3819246 1.715141 8.587455 8.834482 4.137787 2.6339085 5.5114627 10.662212 9.460042 4.3658032 4.847419 11.708965 16.165295 10.8201685 6.0954995 8.721885 13.796088 0.0 6.25534 9.917442 5.684654 5.8276014 9.107059 10.23211 3.3382702 5.2792344 9.603358 4.860793 6.002246 4.7372437 0.0 11.04753 0.0 5.682168 3.3604043 8.143898 4.1442814 10.895534 4.833529 10.143496 4.0009103 6.746666 2.145131 2.7248852 1.8790268 7.338659 7.77248 5.118467 0.0 8.768557 5.745768 4.1335382 0.0 6.5334754 12.649045 3.0636256 5.844375 4.8753257 9.214187 12.612764 0.0 7.7081637 0.0 4.2124186 0.0 4.061081 12.547904 11.109995 3.731494 5.1206985 0.0 4.049665 4.1940513 6.3732424 12.648113 0.0 7.67552 0.0 16.759224 8.667669 3.9763348 5.537026 3.93167 
7.1902537 5.559388 14.460227 14.17586 0.0 9.704823 3.402364 2.8011615 6.832686 1.4232212 3.9304037 8.435446 12.798681 0.0 6.5551276 15.179145 0.0 0.0 8.796223 2.3586636 6.949333 3.4661503 10.899528 8.824166 9.615582 5.391457 6.9862165 6.7464685 4.320699 7.6559267 10.231979 0.0 2.1778395 6.9068365 3.4803736 4.1110415 7.275839 6.135693 9.530551 0.0 9.040858 14.650106 14.520403 4.4928164 10.124494 12.999041 4.9619093 14.735447 4.250505 4.933572 5.3917685 9.922645 16.322773 4.314389 15.191758 8.931956 0.0 8.512086 2.9222417 2.3928065 15.588541 6.5706086 5.0329065 4.177028 9.845853 9.226246 0.0 9.278591 12.1822 0.0 6.3179 3.6733696 5.8693075 6.516147 6.1559124 11.185158 5.561561 0.0 11.82664 5.695265 11.630678 2.9188974 2.4240909 8.220745 4.7454004 9.523678 6.3092422 3.8335788 14.498293 7.4025345 11.642936 7.88057 5.1701193 4.2798223 11.022664 15.693994 4.4985075 15.620118 8.25418 2.267122 3.9654543 7.992834 12.985229 11.655386 10.795743 11.261185 12.2874975 4.7090917 8.976456 3.4990573 5.6659565 6.678452 1.8467569 17.15844 11.254987 0.0 11.713633 5.853659 0.0 15.16714 10.825318 5.0899963 2.4725595 6.935988 14.476863 11.354653 1.8524369 11.748216 7.067267 14.504277 4.7072444 8.886589 1.9877952 7.1363015 10.040665 9.9079895 12.247438 0.0 5.9556503 8.596223 5.9090214 3.1695902 7.407606 4.5621862 7.236726 5.051498 0.0 3.9884725 8.802464 9.491536 9.297098 14.848994 3.7677047 0.0 13.998518 8.962452 5.2116017 7.899128 11.051712 0.0 0.0 9.269356 4.3034315 4.4210935 15.539074 9.90275 8.555633 8.355454 8.608897 7.3839574 5.1084285 3.8309317 4.5847173 6.0768924 5.0109773 4.9700737 4.2738 7.515079 6.688439 6.183372 4.3326793 10.988414 3.5915318 16.42766 3.6549652 0.0 6.2058187 5.7789335 9.746064 4.890832 0.0 3.881983 5.3112435 5.9200654 9.028251 4.5770907 9.9710655 2.8010457 6.4519625 5.3333106 11.231878 14.791999 2.948161 6.579721 4.6911035 10.696228 4.726988 3.8630247 11.541059 13.510489 3.6183045 5.5141997 9.772379 4.6064286 4.0874286 5.381054 11.556546 3.6089392 9.696348 14.10183 15.840716 0.0 13.462578 19.807405 3.3971508 
5.9135647 4.4726696 7.2066054 8.597897 9.704823 0.0 3.7787685 13.350163 6.0589795 16.358532 3.3250105 7.0639606 5.4112153 3.720931 8.635096 7.0143557 7.2931995 0.0 7.084282 2.0144997 4.5477386 11.893227 8.737838 7.1243815 9.113741 5.1545854 5.9246545 6.6390553 3.7758963 10.454437 9.458192 9.2269945 3.9310791 2.5559938 6.3182664 14.333354 6.3402004 4.0208964 8.540978 4.104345 4.8936663 13.71844 13.596036 12.488222 4.2378697 11.537117 4.399791 6.497955 7.244101 4.693607 4.5236077 0.0 6.776242 2.8374517 6.183158 8.248842 0.0 2.705206 2.3874962 3.2076125 12.451813 10.102928 6.1575527 3.846116 7.4571953 0.0 13.971134 7.6906457 10.103196 3.9293578 8.1642 3.115537 4.5911317 16.271896 7.052702 14.737568 4.06417 0.0 9.730737 3.5194523 15.388841 0.0 3.0460882 10.202856 4.397807 8.551809 8.278905 6.6888356 0.0 7.0865703 9.106547 4.5558043 4.06817 13.483553 13.407671 7.436627 4.4048886 6.3626447 11.078464 3.4118311 8.512315 3.59347 10.801186 14.153732 12.757341 0.0 10.786245 4.600319 4.34314 2.9607465 0.0 5.2924433 3.1134338 14.924592 6.7883015 7.5738454 13.68738 4.961497 6.8775105 12.685122 10.444465 9.865844 9.035783 10.338733 17.122375 9.453157 1.7992026 3.9864643 8.158951 3.8133516 6.706972 0.0 6.934242 9.279805 0.0 4.639648 0.0 2.97926 8.831232 6.207458 5.3492804 3.5574303 3.738805 2.156593 9.601634 4.5828004 10.868442 3.726852 6.2647295 7.8189297 8.286354 6.6664553 2.8514357 14.5508585 5.076424 6.9534698 12.463711 0.0 3.7880504 8.14879 3.413854 10.944438 3.240937 4.197485 11.694912 9.143713 8.267466 7.639247 15.112837 0.0 3.7513144 7.0697165 3.3390489 5.0501237 7.710691 3.3074427 16.075653 12.079476 5.7627053 0.0 0.0 9.848517 15.783177 1.6144962 3.2453644 3.3927655 4.2221785 8.479096 11.56645 0.0 4.806155 3.6959715 1.6340972 5.490421 3.5741968 10.333208 13.364316 3.2791495 2.355933 2.9499612 16.359589 15.688691 4.090324 4.8311644 7.4215336 4.7712746 2.0195184 2.8146813 2.718621 12.475948 2.801803 5.02627 11.891232 1.6784325 1.1070602 8.188102 8.766829 0.0 9.210655 5.7200184 5.8855453 5.395575 10.025774 7.968909 4.6504846 
9.005372 6.373974 4.8792443 7.9088316 3.402364 3.7787685 0.0 11.746331 7.707355 0.0 4.3409147 8.797933 4.196566 3.7229793 11.070835 6.6791687 0.0 14.30103 12.297403 2.8746955 2.8100433 4.804548 7.5268846 12.898113 4.6885095 0.0 11.942256 5.677819 10.443796 8.589785 7.40637 8.607659 2.9722698 2.787416 5.2978525 6.944364 8.797059 19.041052 12.402688 3.814461 4.259914 10.354523 7.0846653 11.564673 3.5558653 3.8865294 6.7565284 5.0150094 6.5493183 4.987193 6.740623 12.284879 5.679599 4.012559 0.0 12.133742 0.0 2.530615 3.611723 2.8012261 11.63081 8.446141 5.585723 3.1211505 7.0054517 7.1330237 0.0 6.07029 8.145305 5.078901 6.692195 4.1279535 3.7804472 14.837652 7.2472253 12.783024 14.348979 3.258051 0.0 5.762981 0.0 3.0236294 9.397244 9.41911 1.9009858 5.8122277 8.378515 5.221154 0.0 9.95759 0.0 3.9411654 1.7491753 1.1070483 12.615285 5.6301823 2.466128 8.4051285 8.20018 5.6510334 6.717082 2.5837317 3.990902 14.115423 16.68708 7.9182405 13.291453 1.8825707 11.985112 5.828456 1.4822266 8.5814905 4.043372 12.054476 5.6512547 11.359388 13.226992 13.096189 2.5258744 16.99977 4.486034 9.296979 3.6807458 3.4335265 15.278627 13.253072 0.0 0.0 5.9619656 12.938179 5.1505604 8.537617 2.5346363 7.759496 12.5351515 3.6471817 5.511862 0.0 10.3868065 9.035231 7.4271026 3.7643816 0.0 6.2492595 8.760694 6.315245 4.901723 10.304815 3.6984992 6.3628535 0.0 5.512838 3.6084542 16.88664 16.351114 5.730919 11.44248 4.5289483 12.264803 7.3635883 15.3368435 10.080396 5.1077986 12.429185 9.2075 4.6253095 2.2875576 0.0 14.395225 4.5869102 3.2354875 6.005168 5.2477303 0.0 5.314126 11.943325 6.248086 11.683601 8.27612 7.903958 6.6986356 0.0 3.868406 19.968815 3.0045326 5.2276936 4.134527 7.7397637 0.0 5.4040713 7.2462363 10.469902 1.4995636 6.160437 10.266297 9.598318 13.393093 2.4515157 6.274872 2.13792 14.686612 13.46918 3.452828 4.401668 6.4721804 3.6886418 7.8355923 8.5123625 9.847115 14.538842 3.9263682 4.50299 5.158995 18.005346 5.3105636 0.0 7.625611 4.5240164 11.220329 4.803287 4.626172 7.643368 12.204369 6.240069 4.3305264 
3.9659224 5.6375546 5.475872 3.0196877 2.8011615 13.350163 11.746331 0.0 7.5628166 5.6732826 3.8491096 8.319101 11.465338 3.5149739 9.423645 9.2128725 12.286118 4.8537683 10.692859 2.7647784 0.0 0.0 5.984701 10.963478 3.4452693 5.1522713 10.602253 7.940671 8.684122 11.50821 9.200213 10.7369375 0.0 2.3995996 7.3332458 5.6043983 7.9523697 0.0 11.326933 4.6090717 5.668229 9.561499 7.0852304 4.711588 5.327389 13.051918 6.566953 15.142815 10.007207 5.379437 5.8398957 14.362742 15.250556 0.0 9.442806 3.7908993 0.0 0.0 10.945464 1.5063983 14.508662 12.778062 2.6910028 7.7012024 8.877173 10.3007965 11.604725 0.0 11.591151 4.860643 4.276775 4.275527 5.8442917 11.117234 5.2143874 12.816065 0.0 4.73454 0.0 4.872815 8.7196045 3.9957771 12.749853 11.025641 5.812316 5.1585736 2.7904372 3.8432066 0.0 8.521038 0.0 5.794729 2.4689233 4.498067 4.43495 0.0 9.405615 7.8245134 12.02481 4.8658195 10.286777 6.843583 12.295363 18.487007 6.281427 7.0648007 12.513474 1.2105047 12.82811 5.2649426 8.452795 6.9312186 0.0 11.071702 15.772134 10.120421 7.500457 12.035489 2.2322621 17.029772 11.660459 5.441977 2.3033016 4.670257 5.6299686 9.277075 4.991429 3.950433 4.49707 5.5411024 7.2136188 7.4563446 2.0515246 3.0337663 0.0 2.693826 5.092675 11.052057 6.8912473 7.4266553 6.1014175 3.066613 0.0 0.0 6.3509207 4.8960876 4.201685 13.228156 3.487567 8.892986 8.982112 5.7985463 3.4703972 6.0728908 6.380502 8.011653 4.4739857 0.0 5.0042434 8.518857 6.4411893 3.5364451 6.0346823 5.6238313 7.934366 4.140493 11.216029 13.870115 0.0 0.0 4.523964 3.9955707 4.081575 6.6766415 10.1009865 4.867304 5.1530538 10.910247 7.97587 7.560387 5.9167166 4.9016256 5.3927064 8.970675 14.456366 7.199394 9.1301985 5.225389 0.0 0.0 8.562938 10.723587 0.0 5.8809266 4.8875585 7.9519486 0.0 6.3798137 3.5848107 3.502856 4.8776007 10.811806 5.116944 7.45098 4.024859 9.89221 5.436109 11.491629 3.7577548 0.0 8.590233 3.4546514 4.853614 2.1025455 8.3546715 0.0 11.213851 4.104336 10.1839905 6.9813795 7.4800305 6.0072193 11.450354 0.0 4.590954 
15.006169 7.453298 2.8439095 1.9626696 6.832686 6.0589795 7.707355 7.5628166 0.0 6.160794 4.472218 2.7485642 8.617938 4.3762465 7.470578 8.282508 3.7930937 16.872608 13.457553 3.3697069 0.0 6.2100945 7.4034147 6.305909 7.1776853 2.0008452 15.756753 6.807542 3.7079897 7.4958353 11.298634 9.468656 3.682225 0.0 0.0 8.39126 5.367678 0.0 3.7231915 4.8361917 5.3232713 16.371698 7.657673 3.4913049 5.2434216 0.0 3.0253913 13.232813 8.356735 5.891414 8.541406 14.919584 14.490438 5.366367 8.331739 5.722859 4.510713 7.813282 0.0 5.3897734 12.743081 0.0 0.0 6.53182 8.47004 13.886064 10.5140085 0.0 0.0 6.310081 3.1076803 4.119279 7.7128143 9.8356905 4.840603 11.745489 0.0 4.2753243 5.843057 6.1333904 7.9283605 2.58138 2.9400344 8.020429 4.221987 7.490571 0.0 2.8850703 7.525169 12.030681 7.117178 6.4460864 0.0 6.944963 0.0 7.7398815 3.5428195 5.714321 9.78726 6.3265944 8.768382 6.190122 8.052703 15.647069 1.897323 8.396261 9.244708 4.5644426 11.923568 6.8707495 1.9521923 4.9458885 5.82755 13.06294 14.836757 2.5596688 8.156692 3.9626198 2.9023898 13.051653 0.0 4.519298 7.9163213 3.537245 4.762766 6.707074 1.7727333 0.0 0.0 4.3197217 6.975291 4.608297 3.5106413 3.9128613 13.639173 0.0 9.020609 0.0 6.073158 0.0 4.9649835 2.6237288 4.8083687 4.5494556 6.263928 6.196014 6.7336555 3.5798068 7.085479 0.0 0.0 0.0 3.3356197 19.733843 5.2823963 8.216885 3.9258816 4.440405 0.0 8.05137 5.439777 0.0 8.821029 4.607979 15.002135 5.264308 5.1809187 6.506673 7.5164704 7.227269 4.076161 12.630004 3.3814042 4.147787 9.1118555 5.463199 6.8344264 5.3118496 0.0 7.4254003 0.0 5.5460167 18.064764 6.972456 5.673084 8.23579 9.390581 4.2481494 0.0 6.2906685 2.3193846 3.536263 4.0521283 3.2549245 3.5654829 0.0 6.169145 19.01401 3.1989925 4.876209 16.501202 10.147762 4.0935907 5.9420185 13.060626 12.441405 9.345519 4.703554 3.2137065 13.058249 9.049709 5.069284 13.394696 5.86627 7.229368 15.495522 0.0 15.898626 13.49482 6.220609 4.0637045 8.221712 4.2861805 3.322351 4.412288 
2.583075 2.204778 3.53047 1.943047 1.4232212 16.358532 0.0 5.6732826 6.160794 0.0 4.8527884 2.4308763 2.802461 9.682821 9.818121 6.3298907 14.523055 7.731771 12.625274 1.882707 0.0 4.59197 7.261053 5.405544 5.710023 5.86187 10.769121 2.4065225 0.0 2.5534587 8.523865 8.547778 5.2904615 5.3748894 9.157508 7.9443398 4.0351477 7.8769803 0.0 10.324803 11.413707 16.390715 5.998725 6.4917183 10.446882 0.0 10.266533 5.9147 6.6214547 5.3209963 0.0 11.58245 14.463554 0.0 14.52598 17.306932 3.8392003 7.065854 6.968781 2.2626603 15.038692 0.0 3.376374 9.307451 3.8253918 11.582049 13.720465 8.548191 13.781743 4.835797 5.2505918 5.088014 10.597401 13.094442 6.49711 14.00062 4.672396 8.652033 5.520409 5.6496654 13.313044 8.703067 8.457399 6.7727523 15.45659 9.262666 3.4961262 4.4826007 5.6503434 10.28794 3.7233999 8.525472 4.4118757 0.0 0.0 0.0 2.7759626 6.0617223 8.334303 0.0 6.064314 2.2059307 0.0 13.355547 6.666407 9.031736 8.155937 15.544324 11.861807 5.5048947 3.2621856 5.0562963 8.144722 12.125203 5.655122 2.0447373 7.1852083 12.367789 2.5642302 11.925667 0.0 7.1628776 7.694271 0.0 15.248119 8.232078 4.759806 5.8300266 7.3505373 16.182594 2.3024144 4.2665915 2.618711 6.579046 10.655188 3.4180562 7.311046 0.0 8.643603 5.346378 4.079012 6.941263 3.9985056 0.0 8.603461 18.662193 6.5323834 11.097055 4.6236653 10.485684 2.8388236 0.0 3.7924535 15.61038 2.8055952 10.178607 0.0 9.0306 7.006388 8.691533 8.079487 9.271124 7.8485904 5.341947 12.774011 4.8168864 3.882946 5.006077 0.0 6.7910376 5.724487 7.6474366 3.405208 13.482155 2.3519764 9.100223 4.8882627 4.3745127 4.89794 10.110898 0.0 6.028395 6.8293896 18.59243 4.573604 7.9277143 3.88549 6.431675 0.0 18.855421 2.202097 11.878108 3.3800237 2.8765562 5.6153812 9.045323 8.936976 1.9179263 3.5737789 7.9804955 0.0 5.3154364 6.154578 8.726717 5.8765693 6.34537 3.0926964 0.0 4.9427414 11.058771 8.171743 15.832333 12.494235 13.999231 0.0 7.1481776 0.0 14.696874 12.947531 4.2545485 6.3532224 6.7566733 3.6692216 0.0 7.5073304 
10.14985 8.251883 0.0 4.357825 3.9304037 3.3250105 4.3409147 3.8491096 4.472218 4.8527884 0.0 5.792879 9.231206 8.9755335 9.1015415 5.532474 9.474184 2.4374907 9.513559 6.544756 13.391769 3.415963 8.037157 11.035053 14.82834 5.0644684 12.049214 0.0 4.5888343 8.2641735 0.0 6.7125807 4.8013186 0.0 0.0 0.0 6.29042 9.501018 3.3328893 9.143013 10.002902 5.3911924 2.2621033 5.920676 9.434592 11.995066 4.1350183 4.9359627 4.94759 0.0 5.9151163 10.363227 0.0 6.896408 12.980498 1.7002909 0.0 8.26027 11.801434 1.6494255 14.611259 0.0 4.3448234 6.685964 2.775305 4.0536494 4.4021926 9.703537 13.192873 3.062875 4.111438 4.808865 9.7631035 10.995891 9.376836 13.184786 1.8639654 8.04098 3.5896597 11.698407 12.320957 11.862553 8.466021 8.552777 8.2458725 12.649878 3.0945957 3.270765 17.047678 10.786109 1.8658144 9.359986 4.6195197 15.379615 0.0 9.818013 5.294982 6.5734057 8.3043375 0.0 4.0642643 2.1541064 0.0 11.283633 2.5818403 11.048595 9.973173 4.9859242 13.866254 1.8002509 0.0 8.906827 6.6932735 4.5652366 0.0 3.2033582 3.5923684 5.7285886 3.6352258 6.41826 9.053773 5.578644 7.363994 3.1021445 4.991142 11.285077 2.1194 16.04737 9.991359 12.295004 1.822763 8.37272 4.3177843 5.685726 10.631839 14.9610405 6.1761975 13.278962 0.0 0.0 6.178634 0.0 6.2907777 5.6645875 8.286151 4.235194 9.521278 0.0 8.073933 0.0 7.187578 2.1658242 3.6646295 11.573249 2.6897414 9.206968 5.348968 7.3865657 0.0 7.422859 7.0452685 0.0 9.894983 4.8133163 13.150573 6.205073 6.202602 14.480991 12.015197 7.5036864 6.232351 5.276911 7.946662 6.036338 7.716215 5.8192835 3.2989538 7.119655 4.0235033 8.957306 14.657348 1.9317852 2.4417286 16.823452 7.610167 5.8064547 2.8447456 5.6883893 9.915536 16.332113 4.00987 15.926122 4.8507886 4.1533055 3.517292 2.9779153 8.0069475 1.1737115 3.4585056 6.497324 4.5569186 5.769522 4.8318634 0.0 4.405422 5.08299 2.9181015 6.0055227 3.739664 14.14282 2.9416432 1.388073 4.069108 12.181339 8.2339325 4.9786735 0.0 12.16322 5.481082 3.6162255 4.7966104 8.694799 0.0 5.2966075 7.02865 
6.3311715 4.8664308 4.238368 6.2816567 8.435446 7.0639606 8.797933 8.319101 2.7485642 2.4308763 5.792879 0.0 5.52512 7.019587 14.365275 8.389135 7.673621 6.416904 9.5065365 2.445954 3.1123867 2.484354 7.4457035 7.724315 12.690956 5.08563 7.1582794 3.4117737 4.304265 6.753145 9.83794 9.895785 10.98158 5.840381 6.217391 0.0 4.9908013 9.405894 4.7537737 7.69062 13.196787 18.169836 6.217996 6.101427 7.938469 11.54777 3.942826 6.5206704 7.5223584 14.3065605 0.0 13.952848 5.952713 8.0616045 0.0 4.990017 7.5470514 7.854941 10.101939 0.0 14.000475 9.444421 6.849302 16.029404 4.763202 12.470301 1.5104996 7.4528346 15.4546585 9.018177 6.2681007 8.070904 9.348683 14.8311825 9.808813 4.6429167 1.6692363 5.4195604 3.261722 11.220399 16.633749 4.0041704 11.334623 11.194916 6.7740455 11.702604 14.127565 4.0822735 14.752064 9.099885 4.7755795 12.378731 5.9286156 14.268511 6.375385 2.9218373 3.9182272 6.3694677 6.6877728 3.7099917 8.390039 5.50335 8.889724 11.380026 2.1600444 14.193519 9.066509 18.305393 10.667877 5.51705 7.426534 7.2287264 5.058974 5.866654 7.3134556 3.0740614 3.3245301 6.276206 5.396801 6.2208276 7.5571456 7.9928546 4.113583 11.055928 2.2662547 10.144268 1.8772378 3.630641 8.819698 4.246284 10.499571 5.4859915 3.2178464 3.4306438 13.710886 4.231538 4.6924353 18.01276 0.0 6.70618 0.0 0.0 5.359343 3.9004145 10.928377 3.756785 9.417811 3.9698405 7.297887 3.0629702 5.846667 3.618236 3.5068066 19.003857 1.8153135 16.098066 7.783337 10.032331 0.0 11.578087 9.151494 3.0839624 0.0 9.147976 11.594215 5.7229104 6.673249 12.34792 16.23722 4.7197227 8.812601 8.703079 7.1931834 4.532507 4.158979 12.007951 9.4435835 8.519353 5.828723 6.4715357 13.408819 5.8274407 8.415322 5.9144735 6.081532 5.373993 4.756958 8.259095 13.505473 4.4019766 2.940937 13.583485 4.964827 6.0779457 2.4245324 11.136574 10.005666 7.636797 0.0 8.644104 15.35751 6.2584157 4.0836167 0.0 7.1709237 8.526429 4.189807 5.152794 7.3948855 4.776944 2.4634254 4.8187084 13.456381 15.162426 2.5291417 7.8091817 20.413774 11.588144 4.109154 6.180079 3.0023465 9.264689 5.2676997 4.1352634 9.061658 
5.622022 7.5599914 10.465432 3.6605759 12.798681 5.4112153 4.196566 11.465338 8.617938 2.802461 9.231206 5.52512 0.0 5.171368 13.62769 6.0227346 10.880237 5.02002 16.831274 1.9610649 14.717621 2.3247807 4.7128887 10.21757 5.33694 11.761775 14.221189 2.4642339 4.6206083 8.92345 9.299912 11.903252 9.612255 4.451983 5.1710567 7.246488 7.4129167 0.0 4.2361207 6.1416345 11.247667 7.4685645 2.8001027 0.0 6.6073227 14.063698 7.152257 4.5548797 0.0 3.6970947 7.11051 10.535648 9.105314 7.794192 14.311908 16.1327 9.988547 3.183794 12.946487 2.29868 0.0 8.215149 6.6338105 13.72934 2.2027082 13.735554 16.66005 2.129806 14.235657 13.195284 6.673593 6.837742 11.867587 0.0 0.0 4.1459794 2.5770445 5.1599264 4.0420837 8.372037 15.422073 2.9772322 10.133125 9.476447 10.509271 15.266314 12.58158 3.6397624 5.042302 5.6307344 2.9648979 11.12232 3.774369 5.544625 5.036066 0.0 0.0 1.8980619 7.337575 4.957794 7.48335 4.847412 5.9390073 10.8889 0.0 5.751566 11.902281 7.028566 3.6327777 2.5273178 5.1600156 10.318818 5.092724 2.7185996 5.535914 4.558536 15.06395 11.077983 5.945351 6.1845865 5.467683 6.2751975 3.3201883 13.786998 5.764345 9.285678 11.6077175 3.5463543 11.064552 3.3947833 9.659065 4.6817646 2.6677291 0.0 16.580753 5.293712 6.509783 15.637301 10.08074 8.324944 10.6710825 5.6340156 0.0 3.8982778 13.1046715 17.51414 8.305162 6.1390696 8.6511345 10.603176 3.7667224 2.7371807 10.685834 18.134832 5.3557696 0.0 9.373151 10.494751 4.6663294 9.751739 9.398521 3.9458854 0.0 8.251253 0.0 7.4795322 4.5218787 5.108077 13.897226 3.9387507 7.128948 7.3438735 9.004676 8.204168 3.747472 10.375907 4.252339 12.252789 5.101721 5.51574 10.429033 3.9159968 6.561835 4.7801237 6.9834557 6.505242 3.7819257 6.544143 11.555569 6.732658 3.4528754 5.5465055 3.369396 11.138123 2.1082063 4.4809613 9.66349 6.580811 0.0 8.07304 10.177768 5.7080946 3.5077329 10.2008705 5.6677756 7.2652044 3.8609393 7.5307813 0.0 2.2462022 6.506222 3.761051 7.3365135 14.115068 1.703218 6.429443 14.129161 15.475102 7.0437045 0.0 0.0 10.677556 0.0 0.0 7.3776813 
3.5820222 5.649863 4.359103 3.1796415 0.0 3.720931 3.7229793 3.5149739 4.3762465 9.682821 8.9755335 7.019587 5.171368 0.0 4.2012734 8.834537 10.500182 2.3598547 14.886793 2.6177123 13.412667 0.0 5.023084 9.54494 5.7344623 3.8390849 11.9908905 2.9445906 4.4040728 0.0 4.7378654 15.293316 14.068187 3.4385285 8.621185 6.3436337 8.722145 0.0 4.8794494 0.0 9.430501 5.9486656 2.7589192 4.971801 8.432095 13.436619 0.0 6.082105 0.0 6.5616226 8.085673 10.622242 7.964912 6.187434 6.262956 14.412525 9.421255 3.7532094 11.997131 3.4871955 4.389044 5.4200473 8.469955 0.0 6.05435 6.2234535 1.9316909 1.8111423 11.547918 0.0 0.0 9.478196 8.982704 16.340197 4.3750634 7.097034 0.0 4.4568286 3.5869582 8.055634 5.860012 5.027825 13.601715 0.0 9.248017 13.074629 4.0564814 7.9547024 19.34713 0.0 7.4154453 8.498863 3.26723 15.89776 1.9976151 3.2048044 8.184099 0.0 5.7680936 4.367091 13.840191 6.4203925 6.3722906 3.1441762 4.2095194 4.265167 8.811739 0.0 2.910049 2.7479868 8.843849 9.32108 6.8647213 1.7993716 8.536478 4.0588746 14.978972 9.110015 0.0 6.0010147 3.8810828 8.27526 5.5017247 17.065683 2.7330267 8.211968 10.109762 16.936499 10.039787 5.840646 12.382049 3.5900495 2.56008 5.9255643 6.852592 17.141186 6.3500376 13.178751 13.120545 7.791184 10.137442 5.6301937 6.408977 5.101095 3.9422436 16.182804 0.0 0.0 7.7043195 7.802758 12.936354 4.8399806 7.185171 6.556031 2.5242288 0.0 7.9698625 8.481014 8.067761 12.90489 9.058669 6.9917307 6.6558704 6.096187 4.221688 6.061783 3.821833 4.01897 0.0 8.690912 8.070328 9.709587 8.362127 9.361793 5.0728564 7.282814 4.515411 8.264177 7.363297 7.8579264 8.544971 11.447987 8.322212 3.5222466 7.9109006 6.9623713 7.9953036 9.009582 14.438381 3.075874 3.640443 7.667808 2.4087155 8.391203 5.3051023 3.8776498 12.590908 4.4555454 2.7304425 5.6758156 5.693531 2.4449916 8.148498 7.346141 7.548694 10.138539 4.6636057 5.261026 1.9738871 1.9263461 8.351319 3.5978622 0.0 4.753476 3.3007348 5.103299 11.880218 13.00124 4.3528075 10.706158 0.0 0.0 10.661651 3.7803392 2.7392418 
4.461555 5.7050924 5.2799287 7.8113575 6.5551276 8.635096 11.070835 9.423645 7.470578 9.818121 9.1015415 14.365275 13.62769 4.2012734 0.0 6.8217216 9.827266 1.8658934 4.9176464 4.1638303 5.6981215 5.831351 13.773073 9.144569 0.0 9.988386 15.01661 9.429854 6.064722 14.103409 4.3767514 12.477453 12.782949 5.4109335 10.527364 9.582383 13.604612 6.67302 4.472638 0.0 0.0 18.610191 6.3091016 16.6149 9.576651 0.0 0.0 5.546199 0.0 3.0395453 11.71478 9.051901 11.254677 4.953338 4.9812655 16.689524 7.522053 6.822621 6.5413957 3.020696 18.23127 4.8838305 7.785934 3.8763924 4.584923 0.0 1.848061 3.6823547 0.0 5.442687 11.548666 8.056021 8.367827 6.54131 3.0368528 1.931311 5.5997815 6.247562 4.9638114 10.836808 4.2709184 3.9565902 5.367506 14.918758 12.9221115 11.885259 14.301095 7.3885217 3.458554 9.297732 7.1272497 7.599821 3.6525688 7.2072134 2.1429925 3.0147002 5.927209 3.173422 0.0 5.088855 13.72686 5.6734266 5.3372006 10.354559 5.4362993 0.0 3.6800337 4.5800276 0.0 2.7797177 8.012025 13.525296 6.1022916 5.16919 8.46462 5.3877487 4.9702153 6.1714587 0.0 5.8534985 9.616732 7.7048397 0.0 12.881991 0.0 0.0 3.2815237 15.666341 9.061482 4.056121 10.472411 0.0 11.215508 4.9675455 5.23289 6.6076307 1.7436278 10.555505 11.283981 11.024339 12.743439 6.4248962 3.9048154 4.3916993 14.051354 5.4761486 4.864361 4.0480576 6.5514884 7.394704 4.8214965 3.6821256 7.538889 6.202341 7.62995 9.836228 6.3282337 7.195392 5.1260915 10.850497 6.623929 5.7028475 8.592231 5.675538 9.971949 5.239325 5.85338 6.2812467 12.888828 7.9268966 6.486214 8.777063 8.495046 14.293365 4.1908126 6.368141 5.8488584 6.213195 5.9954047 0.0 12.01628 3.6625683 7.949147 2.87103 6.3194637 8.109708 7.4704847 7.2031717 15.017512 0.0 5.193074 6.3514724 4.286403 2.7928796 6.367974 14.733675 15.202434 4.1510215 8.479565 5.757097 5.880732 1.7038397 8.240572 6.5477934 0.0 7.2680607 4.9975495 4.814908 9.509477 2.8536365 2.5130906 8.64821 0.0 17.00107 2.423987 7.5580425 10.366284 0.0 3.0798833 10.29105 3.1182513 0.0 4.8864813 3.460763 8.419918 
3.3540347 10.124747 12.434416 4.3976774 15.179145 7.0143557 6.6791687 9.2128725 8.282508 6.3298907 5.532474 8.389135 6.0227346 8.834537 6.8217216 0.0 13.383667 10.758882 16.701164 5.844611 5.154765 8.910248 11.790687 15.78527 7.5528812 6.0684075 13.89263 13.196812 5.9896793 5.078729 13.520732 14.816661 15.901214 4.251927 14.124708 8.7379 13.13099 10.1924 6.0226417 0.0 11.462581 17.215218 5.834979 7.193471 12.990251 7.364046 0.0 4.0335464 0.0 10.705351 9.837322 3.815649 9.6211815 7.752166 8.445505 16.01314 5.922593 5.348516 7.1387973 4.003509 4.443598 5.493237 5.387731 5.673899 1.4836023 11.923485 0.0 3.5780044 12.601054 7.555632 8.713139 11.070078 10.947246 5.3325496 2.9953969 5.125901 18.17505 5.635042 3.7998655 8.786951 14.188849 5.5666375 6.468068 5.59068 3.9896872 10.935838 0.0 0.0 2.9744234 9.342616 2.4484203 10.360507 3.1835146 5.5340295 4.234074 4.562361 4.8853846 0.0 0.0 6.816471 14.714649 4.9280014 8.517961 5.8847766 4.2560034 10.657813 2.6259418 4.160439 5.727718 10.156536 7.6530747 12.371149 11.5241785 18.096565 9.743504 4.314516 16.800144 5.0962224 5.082287 1.8784803 7.6809645 8.7069 6.943 15.784906 12.072133 9.321667 2.8168623 9.054939 10.150841 6.1229467 4.347073 3.8520548 0.0 8.800656 7.7820506 6.643442 6.851717 14.292229 9.265396 13.945763 12.097358 7.036372 3.4970634 6.137949 11.852662 18.492022 3.4365451 3.174884 8.028459 7.139643 3.677394 5.2802625 6.938582 8.304019 11.93537 13.018251 9.478777 0.0 8.066596 3.7647417 5.795451 8.13804 7.7433534 8.731687 10.390068 4.60954 5.1334343 4.3502235 6.2016225 7.7745786 0.0 0.0 9.849788 13.435714 3.0960164 7.1988664 5.1190248 4.7851086 8.221179 12.540221 9.85406 0.0 2.7690642 0.0 6.071642 7.2422495 8.480599 5.8533726 4.57052 4.7963943 4.7607064 6.2335896 0.0 10.72678 6.996788 13.434204 12.599776 3.600559 7.3841867 7.1394854 8.205461 5.7854667 9.631295 8.868269 4.934324 6.9372163 3.312173 3.9746592 4.7935543 2.4494524 8.50839 8.2369 0.0 7.331427 5.018634 6.033384 12.956846 15.39896 9.822628 14.302535 3.6542432 10.8558655 0.0 3.98959 3.8954005 
9.455594 7.872965 6.1238327 5.568177 0.0 7.2931995 0.0 12.286118 3.7930937 14.523055 9.474184 7.673621 10.880237 10.500182 9.827266 13.383667 0.0 2.4414742 6.8773503 6.6406856 6.983915 7.344028 4.7058606 11.690166 0.0 3.3505833 7.40002 11.572459 2.332832 4.788421 11.813008 13.98465 0.0 6.9780064 12.285468 0.0 9.991703 3.473728 4.540319 7.4899015 10.520222 0.0 3.8311484 5.4200883 11.522157 5.3123055 2.4179716 3.100216 13.598226 4.14878 12.478276 3.5956645 7.177826 10.0144 7.6446586 2.8647554 8.917122 3.48111 6.274212 3.4389102 5.5954304 5.3366113 0.0 6.3318615 5.765696 14.506979 12.316609 3.8311462 10.80031 6.616124 7.925968 9.1184435 7.3713818 5.079158 9.341904 17.559578 7.9970503 8.187916 3.0232668 11.410817 11.678194 6.7716637 7.3691444 4.472891 3.0846307 10.259978 4.9038215 6.2900467 4.1186976 11.87622 1.6556393 9.998407 4.6700397 8.706864 4.096022 3.4363463 6.9708314 11.812612 5.6430883 8.982408 12.417344 3.6977952 7.2701087 4.0809164 0.0 0.0 8.784591 2.7459059 5.0023756 3.841872 11.469551 10.569623 10.629836 8.298435 7.1749344 3.6600525 0.0 8.27187 6.164671 1.5403758 11.196499 7.7200694 6.2281895 6.7660904 8.611612 7.643309 4.6574454 6.8669677 3.6146607 4.9630327 0.0 6.4395933 14.084087 7.341466 6.812699 2.6950898 5.0743165 12.740651 2.7475116 11.81897 10.126944 3.4916167 4.4028816 5.0430565 14.56282 7.7181635 2.9054236 7.505295 12.54792 8.15178 5.767342 4.6478305 8.934132 2.9332597 0.0 11.224707 8.307219 0.0 6.513459 3.9378436 11.102406 7.3241687 11.768551 7.0818954 3.6743238 8.873641 8.462604 0.0 5.9697247 0.0 7.559217 5.4673457 5.9119973 9.820657 3.714525 6.4853125 6.3804364 7.795712 11.259351 10.750321 13.34453 13.988194 2.3530824 3.9266324 4.2628274 2.4401252 7.7846437 8.056653 14.983883 4.254702 3.1123765 6.900128 5.630246 8.261109 6.342197 5.2251296 12.085642 3.4291399 6.0174623 6.4397316 6.5920877 4.487809 9.160681 6.2893205 4.1731267 4.8734355 2.697888 6.4797587 4.144637 5.377969 3.8267846 8.256755 1.960632 6.993774 3.7440267 4.7790937 12.098181 6.288033 7.9607425 13.259852 3.8839428 15.606435 9.806424 3.7420442 2.9717853 
15.71356 5.1514997 17.368916 13.771064 0.0 0.0 14.30103 4.8537683 16.872608 7.731771 2.4374907 6.416904 5.02002 2.3598547 1.8658934 10.758882 2.4414742 0.0 5.167849 5.218723 5.6350384 10.1299095 0.0 8.809277 12.121755 7.3203664 6.8573117 8.592649 1.8226032 8.016358 3.8339984 10.97324 0.0 6.070328 11.885574 9.821559 9.224862 5.0977497 2.738814 6.2164283 12.53501 18.6424 3.2451718 0.0 13.859579 4.708109 8.35503 6.560048 10.507201 2.8081381 11.569097 2.6315053 6.2905293 13.367804 4.1326456 2.2055545 7.278503 9.96715 4.984574 5.3381486 18.642069 2.0374725 0.0 9.142444 6.9068265 4.7793474 16.426867 4.1845503 13.764405 8.829199 11.666174 13.493048 9.364982 5.7682605 7.435552 0.0 3.476075 7.549151 2.190308 9.670505 0.0 5.2282853 0.0 12.741234 2.2506595 9.489282 0.0 8.9071865 3.5641286 0.0 3.3208852 3.0566428 6.426268 6.7988772 8.696072 4.586527 6.262496 10.149221 3.8137152 10.631868 10.239555 0.0 4.051036 10.873933 8.650499 3.666542 8.256952 7.9199696 17.153643 3.3544564 9.450646 8.621113 0.0 1.8305831 6.1119704 3.1368475 0.0 5.6942854 5.522294 4.740161 10.196836 11.027354 11.391125 5.8500576 0.0 7.1672325 3.4374247 3.5222902 11.989183 5.0535836 6.251869 6.3165107 13.336195 10.149298 6.2628603 7.6539164 4.310151 1.5959076 5.235782 9.602308 8.198176 3.0778556 3.817094 0.0 17.703579 6.1742444 4.5456653 6.444466 10.523259 7.948227 5.012341 5.7242184 5.8773975 2.0886228 0.0 14.335528 11.136957 11.786118 9.261944 11.851296 11.184171 13.01517 13.729726 9.660219 2.9312088 8.585132 0.0 0.0 6.8001842 0.0 6.1126266 7.461582 0.0 9.475195 6.586614 11.572592 5.9092813 6.4788623 9.093329 14.212554 11.374148 12.919264 3.8028 0.0 3.2199924 12.200371 4.881602 7.944849 11.843653 2.4658248 2.2330763 6.15288 7.5429335 7.7567635 0.0 15.978815 15.498586 2.9301496 7.3047576 8.693099 9.720552 1.6599232 2.8556793 8.735503 8.716309 5.7032905 4.4050593 4.516533 6.0496244 5.412972 0.0 2.6776807 1.1849502 4.6811757 2.3334851 4.207512 4.989674 5.1659627 6.7919235 10.098756 14.561406 13.294676 8.275891 5.486116 7.533056 
12.793464 9.272101 0.0 5.7424893 8.796223 7.084282 12.297403 10.692859 13.457553 12.625274 9.513559 9.5065365 16.831274 14.886793 4.9176464 16.701164 6.8773503 5.167849 0.0 3.4697437 0.0 8.897695 4.761562 8.177471 10.179018 6.47879 4.9372034 8.659743 3.3145995 7.1723714 12.71736 9.956599 13.778804 6.083449 14.907347 7.9225483 11.362415 5.0113387 4.052636 10.585796 11.803859 0.0 5.061267 6.895936 0.0 6.5667505 3.0674913 5.141177 9.124174 6.848532 6.787235 9.27668 9.984817 12.02591 4.798621 4.3324347 6.75799 0.0 6.9152327 4.8077245 6.1793957 6.410774 0.0 8.107208 5.667545 16.479507 0.0 4.010355 16.47507 7.334461 9.761311 11.459277 6.732062 5.3224826 2.403962 6.3015566 5.4384174 9.633375 3.105869 5.0783815 13.681061 6.111459 4.7045093 9.616021 3.607466 0.0 7.9729614 7.26621 2.1059518 13.705612 2.7641177 10.2763195 8.511286 5.6805243 8.150693 14.807241 8.045047 0.0 10.570219 6.173805 8.516677 4.5844746 4.2126784 9.149662 3.770537 11.26338 9.33908 2.9317126 7.1008563 5.9590054 13.070903 12.553128 0.0 10.506729 10.144449 6.850853 0.0 7.8442664 6.3692045 4.6287475 4.7745776 10.403139 9.5189905 0.0 6.951488 9.633562 5.2628107 2.7396154 16.490519 3.7622283 0.0 4.0736036 15.996054 9.751973 3.6757782 3.4967878 10.912697 0.0 16.045427 13.200352 11.462981 7.2416906 5.6359434 0.0 13.355032 16.75986 3.4771712 8.407509 13.349938 2.8815951 6.9243083 5.7239714 7.6470146 0.0 14.842536 14.009328 0.0 0.0 12.466588 11.327252 0.0 12.352921 17.33314 8.320004 5.019669 2.507338 7.4662447 13.915062 8.889686 10.742202 7.97675 6.378009 0.0 12.78806 5.223492 10.0373125 6.3310237 3.941537 7.9072547 14.321459 14.595587 4.007242 3.2677639 2.0171447 3.4188075 0.0 3.8742585 11.447119 0.0 2.0592687 0.0 2.0795875 10.022399 9.53742 0.0 7.365291 0.0 4.25072 6.1187096 11.570901 8.678983 5.5383916 9.547435 7.051459 9.47822 11.652131 5.8363886 0.0 5.3042774 2.3140702 2.8606117 2.4624865 0.0 5.30232 1.9657686 5.972795 17.671902 5.832867 8.010487 9.025326 14.158176 5.3916354 10.860844 14.134956 7.3466616 
